000001
000002
000069
000166
000725
000776
000858
001979
002024
002027
002142
002304
002352
002594
002736
300059
600000
600011
600015
600016
600018
600019
600023
600028
600036
600048
600050
600104
600115
600276
600340
600519
600585
600606
600690
600703
600837
600887
600900
600919
600958
600999
601006
601009
601018
601088
601111
601166
601169
601186
601211
601225
601229
601288
601318
601328
601336
601398
601601
601618
601628
601668
601669
601688
601766
601800
601818
601857
601881
601985
601988
601998
603993
