000001
000002
000069
000100
000157
000166
000338
000402
000423
000425
000568
000625
000630
000671
000709
000725
000728
000768
000776
000783
000858
000876
000898
000963
001979
002007
002008
002024
002027
002044
002081
002142
002146
002153
002230
002241
002294
002304
002352
002460
002468
002475
002508
002555
002594
002673
002714
002736
300003
300017
300024
300033
300059
300070
300122
300136
300144
300251
600000
600009
600011
600015
600016
600018
600019
600023
600028
600029
600031
600036
600038
600048
600050
600061
600066
600068
600085
600089
600100
600104
600109
600111
600115
600118
600153
600170
600177
600188
600196
600233
600271
600276
600297
600340
600352
600362
600369
600372
600383
600390
600406
600415
600436
600498
600519
600522
600535
600547
600570
600583
600585
600588
600606
600637
600660
600674
600688
600690
600703
600704
600705
600741
600795
600837
600886
600887
600900
600919
600926
600958
600977
600999
601006
601009
601018
601021
601088
601111
601117
601155
601166
601169
601186
601198
601211
601225
601228
601229
601288
601318
601328
601336
601377
601398
601555
601601
601607
601618
601628
601633
601668
601669
601688
601766
601788
601800
601818
601857
601877
601878
601881
601888
601898
601901
601919
601939
601985
601988
601992
601997
601998
603160
603833
603858
603993
